15855
19091
31157
30140
32540
885
17487
5569
14846
26973
61145
60274
31548
35445
39825
61571
30624
30912
8234
13197
8121
35551
39465
17822
50461
36692
33808
36544
37887
60518
35738
10665
50620
29630
60225
11805
46349
63550
19895
281
61424
6853
47006
14296
10044
61402
48716
22849
26032
165
35022
46804
20745
11680
1522
15554
48380
21811
9778
26316
31365
35896
13867
3913
54218
44642
5346
1292
26171
4398
35887
54970
14290
63792
38869
3082
47538
57364
44311
47666
32759
44325
53101
34388
29913
19294
23382
26994
12861
56030
19709
62363
35068
28829
30873
4526
30360
35397
46603
4319
22820
11746
41611
32452
58364
385
604
45821
36585
26197
23583
2652
10864
63921
30480
51479
14371
31843
32837
1142
14879
31498
49249
2731
37644
40965
44601
21343
52383
5600
29376
52043
18345
4089
31455
8991
58087
29359
52075
60477
3741
46334
30142
40655
57267
48965
49083
60042
61111
36455
31646
55406
25413
21374
18867
38453
19422
16277
25575
13851
62158
1101
26531
5537
64300
44581
53541
62939
49897
65531
29668
30316
29018
2286
53352
39747
45541
47832
20720
13111
59855
49181
65121
25780
39910
26560
25969
50214
5621
61180
7276
14333
47109
46141
35580
34325
32167
30782
23272
53396
39661
1054
57749
710
15058
40407
8597
23484
53436
13519
61757
60043
9131
11717
51664
6462
48401
1225
41487
56873
51210
30021
37352
2459
38283
38887
23232
32253
57287
3156
3056
11476
55344
13694
1162
4515
59706
13200
28077
22315
38003
18801
51910
33174
49197
61122
29344
11136
15071
58807
11201
19106
59107
16036
62530
23849
27790
32253
22434
35093
5126
56511
63463
62834
28920
23389
59730
14326
22945
42085
46315
64274
36294
21079
48331
18126
57966
25641
286
33870
31154
39296
1349
14007
54320
11090
42122
61086
34968
15260
52503
34238
24263
18228
20744
45304
64593
33807
47178
19925
24908
3178
23888
35
6894
61660
14903
8913
22367
14417
61021
18113
18540
43423
28074
26955
29282
12116
60775
17619
26380
14140
26208
5700
56172
40149
969
34049
11971
15400
8681
1524
7185
461
55687
47078
404
14741
13609
56873
38235
36715
65118
28689
65452
463
62239
48901
48520
17237
14468
43940
50076
21670
4251
56091
38514
39748
28544
37537
15378
18097
47110
28204
28590
24103
3280
54102
36309
32955
38779
28680
37063
59663
30522
4224
50694
6324
45753
53073
55591
9843
16626
59157
27083
49636
43458
63016
48268
54963
48146
11199
40431
22104
46119
55549
17446
6355
60396
8838
46644
18342
51278
54801
58796
13006
13642
40248
31037
22929
17727
14945
4885
28948
49819
8051
19292
9525
64704
22267
24253
38137
19610
24957
49084
18338
43719
45066
61719
45623
56069
52550
50328
52021
48789
62742
54859
35785
7255
56107
48252
20220
55539
8238
23378
30904
9892
34420
23510
44025
35442
20503
19310
39330
53014
27545
3904
23585
43939
44964
24601
45085
18585
33981
1091
45898
8350
730
40638
14653
26046
58104
43923
3724
63582
16510
45282
33992
44254
13660
45305
31405
40888
62769
31887
25345
26894
26828
62049
63134
20224
2885
25621
43781
1380
11795
62672
25396
61595
63700
40334
19479
19355
48590
45871
25996
32278
17376
938
54379
37418
50206
26679
64977
14459
49780
39593
22596
33087
63536
8673
22611
12281
64277
50591
27762
55624
34317
33321
27430
17966
36851
53583
30601
37112
6985
3605
18096
13709
44469
2884
62808
46056
6525
53554
39909
12214
3265
5376
26755
42566
11168
59668
57114
21447
12906
33874
40513
54587
15797
49541
39592
38129
17756
11064
39062
26352
41050
26457
63684
43222
63275
37600
60325
12381
62509
23858
18517
15493
47858
20134
39636
4681
21271
51872
17566
65036
48974
52519
35575
57901
4084
45918
13317
1
59437
14014
28332
11997
20260
8605
34398
39796
21317
47641
43676
33823
44282
54178
30571
15402
51228
24730
3934
19360
8475
2609
24203
29213
54012
9680
28440
3317
20542
35438
49347
14984
12355
38448
1326
39298
34786
49990
61072
45598
39898
43727
24205
42111
45540
19337
62275
18714
3793
61663
61798
25218
43027
39732
57288
8521
62310
19733
56179
3897
29226
63398
1810
30025
56822
54349
19979
41779
8901
1979
38558
51089
59286
17415
1949
38643
14917
27140
4542
7942
56673
40600
55912
19373
45236
62613
39585
50728
5557
20522
43129
38233
2588
64300
41022
55588
58079
2784
27982
60672
8922
5530
31913
28241
18686
14779
58780
1407
46064
26046
52080
19427
54046
33568
9763
55311
59740
18806
50170
60641
8650
21771
64140
49495
50913
47698
45088
3752
5016
56924
13744
62178
33257
23029
43880
8059
13938
10686
13524
20513
26967
20333
13204
44536
34461
18469
47024
51569
28277
42727
46982
26743
24260
39382
55123
27334
58454
55952
15764
21142
57986
20082
22060
40670
38233
34957
28372
38536
6958
9617
48091
39735
57514
8012
53504
48869
29943
21188
44944
33828
11226
30373
48372
13583
18557
10530
52233
39854
38661
57727
44005
38768
41855
56238
47246
47415
35857
16646
51679
55838
37196
12602
43624
23280
29687
1938
22549
11183
47628
33695
37567
56740
38711
59088
20003
18238
19984
50016
9428
51834
61645
6614
54597
13310
55485
33297
37128
46482
34137
55595
44322
29141
50376
14118
18723
56237
41555
35823
17841
14792
4550
3067
25287
34890
17258
46758
24148
51282
63832
32045
13586
20705
48765
32091
17979
40672
2162
2216
40641
23843
49343
52254
28305
18689
32638
61692
64117
18291
39411
56836
56095
31002
41560
55253
9939
39920
52456
59455
8796
16282
65396
37552
12460
40909
56957
9193
6679
46861
39841
9770
7530
54742
26357
20120
560
48768
24112
17786
3165
43089
31575
65246
64272
17169
3972
3330
26045
48030
40730
55107
55765
10419
47689
61430
5740
45131
36970
46942
63585
6504
17881
64143
59341
34425
27575
34849
29628
24959
44677
39760
56130
26569
54629
9584
26500
34469
22233
8005
4389
22579
4806
13480
6482
30415
35587
60999
11083
12656
15805
27808
45904
833
30203
23979
19298
22502
2219
61770
8551
56136
30223
41207
50627
52030
55950
59918
57538
24933
62712
63851
24958
36880
25962
26474
5518
34050
42392
50819
34497
62277
15207
399
1849
16871
20472
33481
3294
54062
20802
22249
14214
34314
8776
2444
29066
60762
52976
46819
42312
1406
54230
47970
8997
11199
2468
